n         x         sin(x)    cos(x)    tan(x)   
--------- --------- --------- --------- ---------
1         0.000000  0.000000  1.000000  0.000000 
2         0.330694  0.324699  0.945817  0.343300 
3         0.661388  0.614213  0.789141  0.778331 
4         0.992082  0.837166  0.546948  1.530614 
5         1.322776  0.969400  0.245485  3.948911 
6         1.653470  0.996584  -0.082579 -12.068205
7         1.984164  0.915773  -0.401695 -2.279770
8         2.314858  0.735724  -0.677282 -1.086290
9         2.645552  0.475947  -0.879474 -0.541173
10        2.976246  0.164595  -0.986361 -0.166870
11        3.306940  -0.164595 -0.986361 0.166870 
12        3.637634  -0.475947 -0.879474 0.541173 
13        3.968328  -0.735724 -0.677282 1.086290 
14        4.299022  -0.915773 -0.401695 2.279770 
15        4.629715  -0.996584 -0.082579 12.068205
16        4.960409  -0.969400 0.245485  -3.948911
17        5.291103  -0.837166 0.546948  -1.530614
18        5.621797  -0.614213 0.789141  -0.778331
19        5.952491  -0.324699 0.945817  -0.343300
20        6.283185  -0.000000 1.000000  -0.000000
